802641 975922 
54208 1306689 
19849 1346898 
1026465 1135359 1230120 
1022236 1048834 
791758 1130815 
19732 920545 
19731 19740 
854 834211 
790074 980529 
213221 1277680 
788510 833889 
24149 949794 
971953 2348481 2416389 
820739 912086 
136754 859410 
808 1338843 
901269 902638 
17175 903858 
713 1282 786794 
1149098 1192309 
803269 803270 804617 893885 
848089 848090 1073641 
1015043 1015044 
6152 820975 1226722 1226759 1302359 1302780 
1226757 1226758 
50992 1261810 
888195 888196 
4738487 4859448 
67287 1315679 1408160 1457315 
92475 1519606 
851257 851258 
801453 936894 
1104677 1104678 
145959 153733 1995717 1995718 2021708 
98752 1448515 1448516 
837871 859603 
863211 1125089 
856015 856016 
1152524 1174234 
23260 1553161 
971144 5253821 5254799 
31645 997850 997851 
8461 844789 
804987 804988 
1619103 1619255 2987308 
1025288 1154465 1155065 
1142453 1411237 
1130184 1353315 
790585 1200978 
854495 856463 
21913 934775 934777 
1163229 1163230 1163239 1214184 
794713 912958 
849089 922835 
32847 1585474 
859654 919175 
985316 985317 
876730 876732 1133232 1135202 
932261 1088720 
118911 1684182 
818871 818872 
945251 951115 
857614 857615 
6669 828437 948017 
46464 843759 
13612 1176663 
892490 892491 
926733 1992710 1992996 
4882 1233163 
4725 811387 1077991 1148072 1148205 
142170 1497239 
889891 1180862 
926319 989026 
1558353 1559388 
37591 2841048 
930540 1043261 
1246081 1389517 
80678 2033173 
65131 2217955 2419867 
849458 1134302 
1158342 2952257 
1003876 1038194 
188545 1610320 
840896 1436577 
1352454 1352455 2294613 2457519 
114388 1631224 
43459 3083668 
885055 1311144 
18776 885293 885295 887827 914495 917040 917592 
50329 1142731 1142852 1143119 
841546 841547 
1094908 1094909 1357647 
948795 1234312 
929400 929401 
37605 39636 1071547 1670889 2141754 
859940 983948 
2885398 3808739 
1396144 1415121 
1204885 1376557 
880044 880046 
1043387 1044460 
27303 1096851 1096897 
876573 1231190 
19378 19379 
578409 5119886 
7725 1525455 
2080466 2080467 
1090335 1090336 1094084 
78701 1050297 1050298 
1401764 1403616 
4525060 4746271 4746272 
4872 809548 913418 940868 
48441 1200801 
55873 57723 984353 
92301 92303 1462279 
836002 901520 
43932 1152426 
31394 1018616 
10826 914982 
1136765 1136766 1616651 
806665 941728 
89100 1185543 1185544 
39961 886928 2364192 
3267324 3356022 
35690 218332 
645516 656843 
2954049 2966625 
908615 908616 
1124528 1124529 1301400 1303187 1473309 
1044723 1044725 
45622 1474523 
1011755 1499025 
1687431 1687432 1967521 
834354 834355 
54970 1171456 
877898 1011250 1027806 
1250719 1250720 
1145703 1145704 
827498 1858716 1858721 
3293784 3366319 
1027030 1028696 1029759 1031274 1034524 
801258 1250178 
2361834 2362054 
1573715 2248215 
1287389 1287390 
79637 1139758 
2431354 3762945 
874874 874875 
1988668 3185396 
1999108 2194583 
74275 222035 2626724 2627650 
1338687 1338688 
1504514 1504515 
1200479 1235751 
5224 5225 
939 1449538 
1690027 1740892 1745523 
1654928 1654929 
1097872 1217937 
29089 1252020 1252687 
19049 119437 
883272 883273 1465609 
1566586 2985291 2985292 
230129 2721244 2722423 
6793 1258417 
9272 849991 
615 786088 797533 800269 801590 
1144604 1144605 
787612 1136540 
33278 254229 1031435 1031436 1031639 3041578 
1997767 2024579 2852424 
128 5357409 
3292859 4398219 
649299 649300 
934003 934005 934247 
1560677 3236931 3239554 
1013643 1013644 
1864215 1864270 
342 784635 
8716 846537 
39396 652567 654348 
1832904 1832905 
1234664 1256619 
1557174 1558449 
626193 693722 
1215575 1215577 
1117106 1354702 
882659 882661 
938323 960790 963940 
6903 833784 958606 
4213604 4213605 
1187907 1187908 
1034116 1034117 
1425392 1425393 
790683 930582 
913710 1228896 1228898 1564923 
834162 1092759 
801509 802980 
18279 976919 
930386 930387 
1260958 1264086 
3385725 3385726 
236412 2799363 2799369 3749290 
88454 1492131 4525348 6312890 
1048855 1048856 1052020 
229331 2599405 2950442 3161629 3392811 3448168 3651119 3774559 4513843 
3952366 3952367 
25616 970933 
1151658 1151659 
2908382 5812096 
925642 4896380 
566837 1636561 
87079 367293 
1029293 1029294 
24232 1143773 
5955157 5966933 
1338 5500199 5500758 
1775 15445 2837864 
2704314 2704321 
2588182 2588183 
609263 609264 
3823787 3823788 4150164 
4284815 4284816 
2419899 2419900 
1337297 4138645 
886695 1018617 1053959 1060292 1060628 1550476 
71106 100847 100856 104311 107025 805493 1284292 1532045 1547626 1548011 
1349230 1349231 
1385219 1385220 
463794 5547029 5561789 
6517 788395 788396 791490 796034 818874 820050 896013 896884 
17748 909080 
30144 34551 34800 34801 1045201 1054563 
1965803 1965804 
3398699 3398761 
3398751 3398758 
3398791 3398916 
5533429 5533431 
3511864 3513843 
2756055 3262709 
833430 1378968 
936744 1703312 
5260907 5476213 
1471489 1471793 
2882536 2913164 2914976 
5003189 5003280 
209897 209898 933338 
2749577 2750015 
2455688 4040183 
1013784 1013785 
386464 549071 
1134329 4200772 
578956 578957 1063007 1063224 2487367 
45006 1920383 
9096 6154803 
4594997 4595364 
1419964 1994238 
875181 1015196 
1474392 1474404 1999681 2251011 2827825 
97468 968473 1416515 1416516 1443776 1482421 
4037663 5945671 
529456 6309122 6320016 
662768 1968516 1970658 
656997 1754995 
4782062 4782063 
51255 97751 1503385 
2680801 2680802 5579873 
985069 1192139 
87153 144005 
168063 635316 647619 1733721 3780874 3780889 5512379 5906656 6314426 
76576 377787 
2318958 2318959 4697148 
353079 802434 
706288 2700904 5005033 5008362 
846984 847073 
648946 649260 2586377 
1080900 3109571 
1785796 1785797 
1187274 1187681 
255866 3004420 
2459516 4062420 
1338371 1338372 
49884 1138803 
141428 2751595 3351701 
9567 5046158 
4965237 4965238 4965336 4965540 
2660103 2903366 
5649800 5649802 
8211 829891 
1799565 1799567 
56214 56355 
819327 986837 
737824 4819414 
271260 476344 5479303 
52565 1670386 5129506 
593808 1210199 
2055692 2377180 
1822786 2043868 2074369 2080730 
528007 1756804 
713007 965315 2797735 2831288 
88698 3141249 
2409105 2480331 
805140 1152414 
100377 2229675 2261716 
8055 744399 
4707970 4707971 
1588193 1590531 
163523 163524 4142337 
1055866 1055867 
1416947 2028751 
848533 2177945 
91 111965 
2035215 2035216 
119323 3680979 3976648 
115455 1630681 1630682 1630684 1665524 1665525 
953542 1790458 
672160 672167 
1236227 1257693 
127797 135695 1909852 1931607 1931696 
3097402 3097403 3241206 3243786 5244181 
1336264 4146754 
4234434 4234453 
1306208 3166081 
1146209 1146210 
2425216 2450060 
190004 2381052 
744529 755848 757217 3320197 3694297 
1547460 1547512 2465336 
3910818 3910819 
850368 1947442 
3417830 4125081 
403935 4541132 4541133 5796576 5971581 
3456433 3456434 3456435 
4909450 5329159 
643507 1683147 
712847 6202821 
7777 785572 1003422 
682755 2283457 2284038 3094512 
3513850 3543505 3569122 
731645 5848998 
618366 2729642 
692492 786095 
793479 1078759 
667219 2017846 
668620 674699 2036583 2039252 
774395 3245624 
4185 432526 
4374305 6314455 
697702 750116 5866044 6066586 
1242002 1787908 
3194379 3194381 
762155 3371857 
658070 926888 4513861 
737145 3120474 
3545180 3559842 
780383 1776893 2581434 
779687 779718 3587369 3746586 3746591 3746594 
3332109 3692347 3956478 
17331 895625 1240178 
76117 1339293 
1861508 1861509 
2384984 2393308 
259386 3483032 
842364 3249258 
978810 1678723 
2094989 2095136 2096596 
2192657 4832550 
798034 3286677 
240656 3766470 
198214 5639111 
1033034 1340181 
233064 2803213 
405755 5120619 5174167 
483386 1753682 
538412 6062482 
87032 140386 3900416 
548622 6299012 6300587 
590364 1118118 
703677 706927 
944671 944673 1138745 2257531 
708023 2341847 5101694 
246237 616548 2908282 
4897217 4897305 
604056 1282381 3948169 
86652 1413349 
5846795 5846797 
532342 558383 3118218 
419670 2607083 
455969 764709 2408547 2608801 
453497 634883 1584080 1591169 
742445 1459793 3189907 
3011821 6159527 
107588 1393941 3158363 3350725 
5490006 5659691 
10811 109760 
1004208 1119623 
558151 836224 
381108 644666 
30624 866208 868452 1012924 1130920 
3089376 3089405 
543518 1373772 
757788 4119602 
1260123 4631312 
505190 5848509 
704484 2918845 
2523166 6279848 
889795 1163818 
846991 846992 
728766 2837691 
5655797 6101809 
124423 1732651 1732652 1732781 
4028706 4241181 
909144 909146 
716167 3089273 
819825 1496874 
2351192 2351193 
2188826 2256452 
1861605 4217633 
1831196 3167816 
38992 662375 681434 2931002 
536534 2213942 4719872 
642697 681571 684573 3765724 4418837 5958220 
743506 1488204 
1486050 6150320 6184663 
742078 4224329 
698731 721059 
1499738 2608720 2610755 
819616 1376893 
705441 2925861 
686832 5356503 
1550386 1550387 
2006368 2006369 
1942559 1942560 
724365 3346405 3346438 3346459 
677163 2168960 
692669 3760288 
3100429 5032435 
2073333 2364485 
684109 3221857 
697746 6026484 
2352616 3357815 4060274 4734041 5412449 5920882 
196826 723599 
1695317 1725212 1770427 3250886 5244317 5350203 
1422980 3309721 
5575536 5576266 
279091 861890 2989602 
1313357 4035848 
78405 1933148 
3646 931618 
836489 1143912 
787632 819386 819388 
828810 976865 
1067917 1416213 1735970 
896818 1574175 
894580 1055725 
2143135 2317810 
161777 2105629 2128788 
956793 1792422 1905672 
1872252 1872254 
813724 2094987 
246913 2914841 2915629 2915630 2915776 
1817146 1817147 
363536 4801260 
29954 1004016 
975442 1552728 
981540 1115339 
75954 901836 1337127 
929125 1482362 
249929 2896192 
3761997 3761998 
314242 4177784 
176244 2391879 
849059 5203564 
56157 1179459 1197938 
917348 1836328 
1519385 2148286 
4267 41826 1169477 
1347718 1732427 
5020177 5105430 
4223999 4745975 
1193436 1193438 
7263 835391 835791 
1354297 2342504 
73110 541932 
331580 3846625 
4064288 5638945 
98128 1158431 
405321 4556557 4556599 4557660 4557661 4557835 
222048 350010 356859 372471 378594 3979312 4071029 4361555 4638766 
323892 356637 4060772 4070180 4195872 
573447 1150294 
554871 1116898 
403302 4535590 
2016268 3594091 
124659 1738190 
3346286 6126435 
744654 771639 
669055 4800186 
685356 742967 767410 2445407 3321400 3321418 4702577 6033497 
15854 891872 
862647 6200788 6211938 
813767 1026960 
1493996 1493998 
678260 2626512 
1413371 4343363 
6206054 6280878 
2005369 5164702 
389227 5507666 
410030 4977289 
4767491 5509357 5544215 
868780 1876994 
4026485 4081223 
18016 971290 971634 971635 
27597 2154765 
1264952 1267444 
4179653 4179654 
4052962 4052963 
1411022 1532491 
3732517 3732518 
220825 2610730 
304936 3588235 
385132 385133 
790753 1402585 
588639 1160160 
4466400 4471360 
498277 5767495 
4196455 4395439 
657548 671918 6194737 
928651 928698 
838177 1071196 4851030 
638521 4059026 
1189 4438282 
385606 1820904 
1937563 2371326 
1786264 1810844 
699764 3262345 
1625011 1625013 
1861121 2573479 
3588165 3588167 3588170 3750392 
589130 659405 1877282 
328652 446131 
74308 1319872 
91733 6131135 6131324 
6235850 6235878 
6336408 6336409 
2508329 4244724 
5764 818510 904084 934328 
590194 1170733 2157208 2157851 
679578 2802306 6092781 
880707 1369335 
1016320 1018657 
1089784 1490647 
1778576 1778577 
2414019 2414020 
302503 5092340 
382612 389135 
370786 4186286 
428030 5723293 5723294 6035491 6168310 6186779 
427414 4839350 4839351 4927309 
6022835 6251612 
448058 486861 2001780 2001781 2001782 5562149 5724611 5771071 
597732 600560 1284749 
439749 4990873 4994380 
455654 2699227 2700648 
4262164 4262165 5177310 
875107 875108 
866880 866882 
808409 1038503 
1250107 1751610 
5489006 5489007 
456179 456186 456192 5177390 5178446 
3606800 3606801 
790406 791724 806025 806026 
1934569 3733099 
433320 6092348 6329347 
2522739 2525918 
4660761 4660762 
1841748 2131951 
59974 1213037 1870062 
1131226 1225242 3119207 
142006 1882103 
1387488 1467039 1467040 1942449 
455087 472113 5155927 5207219 5284831 5300713 5412596 5458913 
14922 885866 908877 1092272 1147265 1333739 2700463 
295335 4229676 
4386301 4497132 4497133 
10391 855907 912960 973158 973173 
620650 1442512 
573780 702323 
2396563 2556349 
664609 2130408 
1952121 3995678 5942887 
242724 2859084 
686837 721221 721222 
20797 927772 950644 1036887 
747761 3381414 
6162074 6162075 6162184 
105852 1634604 
926927 1462682 
883567 926612 
3939 2206345 
2365568 4823451 
2161944 4033455 
399371 399423 4486485 4486505 4486820 4486828 4487090 4487361 
605274 1022437 
1093560 1093561 1317716 
3828145 3867225 
838436 4022474 
1235668 1237876 1244658 
1369251 1438708 
1320576 5978567 
344275 346968 
1624999 1625486 1627535 
90339 1443802 1450071 1450563 1451221 1452067 
466092 5330821 
1896857 1896858 
297044 299623 
1870439 1870440 2060752 2081650 
713800 3286241 5516567 5540606 
3519671 3519672 
100376 1528920 1529088 
833617 833618 
257468 3023052 3023281 3023442 3043246 3043301 
2387498 2387499 
3143766 3143768 
303786 3573259 3573261 3573354 3573476 3573478 
304544 3581916 3581918 3581920 3582009 3582103 3582105 
878676 1904420 
1904612 1904620 
2391449 2391692 
4293290 4293291 
4897232 4897233 
63934 1086272 1086274 
1206468 1209952 1211172 
1479987 1479988 
73158 1860840 
2116261 3336375 3369669 3755381 3755387 4718891 5142317 
1141285 1190822 
76396 1452613 1453453 1454303 2082927 2082929 2082930 
37984 120104 
4555 859579 
1061600 1185993 
1861988 1861990 
1708575 1754391 
43187 179397 
26646 73362 813291 
2061568 2061575 2258398 
859755 1236175 
3828097 3946461 
788181 1025203 
3938082 3938083 4081784 
4035136 4035137 
740765 753851 
703495 2770040 2770041 
2960639 6103544 
1665486 1665487 
34300 1043255 1043256 
3655253 3656316 
899140 899141 915852 915853 
793917 1644466 
3359389 5062627 
2021239 2021240 
1110325 1110326 
1947181 3267196 
780291 780592 2670309 3817239 
780520 1120167 1396548 2286663 2286664 3650960 3783830 4129633 4449600 6153481 
3047686 3444573 
3599821 3794655 
780285 3817581 
3134132 3134133 
1442759 1442761 1500982 
2933998 3890994 
908051 908052 
3065020 3065021 
644473 6032239 
644031 3352587 
431479 4059713 4874400 
68844 807103 
3002407 4918011 
606864 3996646 
749657 750680 
113055 1614634 
591165 1186120 
775811 775827 
675996 676027 2145468 2156194 
3369203 4339909 
3534641 6285897 
2405039 2405040 
2424788 2588893 
703297 703298 
6292236 6292253 
764861 1117902 
764555 3387545 
776357 6032617 6268008 
5140105 6152900 
5628987 6243378 
1947768 3304886 4440090 
3318316 3860585 
3329964 5025966 
4771698 5614867 
757715 3335248 3337539 5661742 
4568236 4568238 
3342457 6093869 
3142514 3328596 
759626 759666 5960803 
4008821 4008823 
763245 763279 3379883 
93148 2730753 
3468598 3468618 
762576 4030319 4190188 4190189 4310355 4311210 
3396353 4941846 
3394509 3683130 
758783 3345057 
3390266 3390267 
4561279 4561286 
1055422 1646170 3430021 
3435184 6157805 
3425047 3425048 
773008 6082202 
959972 959974 
772181 2976355 
740946 766147 
761244 3065725 3442310 
72028 4247668 5032425 
3452425 4792347 
773861 3488595 
2599381 2621303 4407068 5218039 5218040 5482558 
775769 775772 3521530 6110094 
3332504 6195278 
4154412 6137240 
1498680 6277435 6323432 
765576 3394514 6311227 
6250589 6301968 
1037154 1037177 2538223 3540422 
3535870 5421141 
5237712 5237730 
3589278 6158222 
1333074 3786403 3786405 
779839 780109 
780292 3785369 
3762735 3762738 
779021 3578204 3706828 5094462 
3608894 3828836 
780659 3834164 
1487970 1487971 
1221468 1221469 
1099747 1099748 
209953 2520960 
125171 2140976 2517405 2517406 2533019 
214335 2537057 2537210 2537648 2537649 2550358 2550741 2568611 
111581 1697906 
1443783 1443784 
1284424 1766367 
466371 982983 
792165 792166 
876007 876008 
863011 863012 
484025 6019455 6020542 
5604581 5604582 
898089 1061912 
3911165 3911166 3911256 
367860 4770058 
911966 1823233 
1328228 1328304 
1336869 1336871 
143548 145160 
390857 4398088 
3205607 4628596 
5370030 5370031 
6205997 6205999 
987504 6191228 
1974112 1974113 
3798784 6332535 
3335613 3377432 3377496 
2674400 2674401 
2796162 2796163 
3071948 3071949 3072091 
3808354 3808355 
1002599 1002600 1097319 
871347 871348 
1964862 2231124 
1049208 1723919 5595895 5596828 5596829 5596910 5610349 5908699 
12607 936206 
1322943 1322944 
1934885 1934887 
3458027 5659513 
938084 4255092 
694252 694254 2472354 2497605 4208629 
1470975 1470976 
2511896 2511897 
305302 4645297 
324484 4146627 
4654210 4654212 
267216 3127854 3129593 
2308496 2308497 
369779 370981 
3936017 3936018 
379683 1121841 
113141 1616196 
836399 836400 
80118 1705280 1705346 
782535 782536 
855915 956949 1054010 
860702 959448 
814906 814907 
435007 5003508 
42986 1104145 
3451983 3455012 
2000122 3529836 
1013119 1013120 1607292 
113044 1620760 
75182 1328975 
835267 835268 
882947 882948 
875124 875125 
1139947 1139948 
845174 845175 
834739 834740 
788384 788385 
1307944 1307945 
4713733 4713734 
1016929 2501450 
1287330 1362313 
144425 1913475 1913640 
6184993 6184994 
1909895 1909896 
871272 876015 
65103 901856 1590330 
1132092 1132093 
90350 90351 
801942 801943 
803774 803775 803776 
834399 882229 
807384 807385 
19184 917076 
1343142 1343143 
3716397 3716399 
1667984 1667986 2135490 
783999 784000 784080 
30704 958358 
875228 964312 
894722 894724 
123873 1726776 
24998 955132 2546950 2549192 2549219 2549310 
832374 832375 834334 
829857 1016525 
856708 856709 
857156 857157 
1014848 1014849 1015048 
1396823 1396824 
1127796 1137806 1230504 
855944 855945 
1187988 1187989 
1340179 1340180 
74067 1316595 1320375 1320750 
2653491 2703173 2825805 
3800365 3800366 3816089 4008557 
3501070 3501071 
6069624 6071702 
1173093 1195287 
4031560 4031561 
6161594 6161595 
414635 4680596 
1124086 1124087 
1627323 1627324 
1589086 1589087 
1738010 1836055 
1032759 1032760 1084888 1456134 1485584 1493305 1495037 1497372 1548770 1586002 
325435 1854160 2096545 4008914 
285736 3341829 
313624 313642 4025599 4026461 4360212 4360341 
4381352 4381353 
4627662 4627663 
1012479 1012481 
1468819 1468820 1468821 
559070 559071 1161657 5187950 
559702 612547 
2208 804997 
7380 1106815 
9634 851441 
25898 4090722 
32211 1025093 
58645 73191 103181 1200404 
85494 690434 
87555 1521816 
1484772 1486296 1486671 1488576 
109712 5447336 
145899 1228106 
152312 2716987 2860473 2860474 
210122 2506634 
232300 5713366 
303704 3730762 
330114 330134 
362353 2839981 
430461 1163375 2414609 
448099 6027029 
477571 506910 1114102 5586092 5834142 5853934 6085299 6323416 
481139 2349987 3012018 
483559 2962359 
535107 930519 5546429 
539999 540476 
540465 6211244 
548725 6291545 
556649 817292 
562557 882443 
580125 2619483 3157292 
580301 581046 587905 593918 601287 601548 1229081 
616573 1465865 
626798 3044128 3080802 
645432 1843031 
653833 1842465 1842466 
659483 1771920 1863429 1883038 2379018 4441549 6316740 
663449 1392861 1968810 1968811 3864717 
687868 5011088 
683903 2307774 4286496 
673039 673735 
2250442 3471728 
673223 2770758 
686377 697635 2440166 
686831 2406803 2480493 
686332 698795 2817824 
674992 675671 2124214 2243431 6231538 
667115 3037403 
670547 1736196 
689423 2382580 
685279 704671 
689838 2391787 2400468 
4759707 4759708 
665658 729727 
670311 5333511 
675604 2157762 
1127534 1150794 1934896 1936595 1940033 1942383 1957121 4937878 
682655 6158500 
689098 2690597 2690762 4681270 4681715 
1046222 1835069 2368163 
696360 4853047 
692630 5457137 
700118 2672549 
712340 3088410 
695021 4365963 
699608 5567972 6060885 6134344 6149139 
709543 3088676 
720856 3218314 4254640 
693527 4312622 
720190 721015 
710357 5919035 
704402 6080562 
707625 5594887 
722220 6269827 
2751795 2765042 
701042 2660396 2661813 2757469 
702441 2887383 
717561 4305429 
693151 6251887 
696438 3056576 4284004 5325849 
709887 3730638 
714988 3580486 6257002 
718570 721333 
719449 2899402 2899403 2948537 
719874 3017601 
726354 729815 
726152 3106312 
726205 727286 
723667 1281125 1281419 3154396 3161745 3161922 4602575 
728142 5972651 
723625 6208485 
1086475 1086476 
727479 729442 
727647 1101431 
727685 780554 3821405 3821408 4599927 
3082163 3112494 
733663 733665 
734267 747202 6066582 
1229244 1229669 
3118832 3122028 
736200 1104530 
739774 3610842 
739452 3187848 
4598461 4598462 
741923 1388900 1389113 3182264 3182265 3182306 3182311 
748820 751480 1971576 6158615 
3189447 4265048 
749371 6206901 
749688 750016 
751552 752236 6236843 
755193 782173 3637420 
757733 3369666 
760666 3104018 
1500542 5791490 
769589 3423839 5095659 
1587062 4631140 
776022 776023 776049 
776075 3529891 6222419 
778904 779411 
779461 3610296 5552343 
779640 3583670 
3583323 3791346 3791348 3791829 
781877 3330751 3908138 3908152 3908172 
3854841 4132425 
782096 6071759 
782229 3599733 
782327 4030613 4038218 
905909 1389089 4357110 
1709055 1709056 3391589 
1322093 1398322 1401490 1446795 
1465588 1465589 
2075288 2075337 
2121081 2237219 2451918 3848164 
3336216 3336217 3336218 3336221 3336243 3337367 3337379 3337421 4432554 6107414 
2492046 2492047 
5940985 5940986 
